9044    
8228    
39613   
5381    
55329   
11696   
8764    
3249    
35382   
41691   
8607    
44411   
41019   
30640   
26934   
167     
26599   
29854   
8881    
12494   
48039   
36352   
12479   
14613   
49550   
47377   
7018    
50113   
49505   
13489   
24940   
8542    
21565   
8167    
16125   
4802    
2933    
20454   
32475   
25515   
31969   
2906    
31117   
9121    
8401    
29354   
20766   
46925   
42174   
13045   
5432    
13285   
2510    
6871    
39651   
30962   
3330    
30158   
20375   
6327    
1712    
8559    
20845   
57423   
58271   
50613   
4766    
17974   
35032   
40475   
250     
34456   
2828    
15600   
12605   
39939   
5577    
35154   
8708    
62471   
15943   
44734   
47869   
26827   
9534    
35017   
1280    
198310  
39049   
39138   
3301    
30058   
25019   
36252   
5384    
197999  
51059   
20771   
41872   
1257    
3216    
1930    
34171   
29791   
766     
53292   
34416   
31449   
12850   
8047    
10971   
6876    
31708   
53488   
45454   
8437    
31127   
28917   
2701    
5410    
393249  
35415   
23028   
59702   
1267    
55470   
41557   
60705   
29998   
25620   
9304    
29518   
8728    
39288   
15500   
15257   
47381   
13768   
12570   
14987   
43847   
4713    
59507   
11492   
20248   
55225   
14615   
8283    
15497   
42322   
31400   
31287   
62282   
44478   
55824   
41682   
41454   
48707   
32613   
19066   
553     
59711   
6772    
31200   
33387   
8001    
8758    
16591   
11290   
197422  
35339   
5615    
20676   
46457   
9754    
12816   
25133   
17139   
30836   
30764   
9143    
2012    
25405   
54489   
23005   
41164   
43341   
38478   
19182   
786     
8615    
198414  
29066   
30083   
56163   
25577   
42964   
38220   
44622   
13703   
7765    
21213   
5645    
36114   
15703   
1249    
62639   
3226    
42652   
46375   
33785   
31595   
13184   
3303    
41585   
39526   
197695  
15962   
17676   
2611    
8111    
27887   
30176   
31333   
52270   
42244   
8473    
2033    
32      
36427   
43132   
41887   
18712   
50716   
20597   
33182   
34702   
8551    
29562   
41733   
58073   
209     
1759    
5413    
286     
43362   
31      
2840    
29076   
28481   
9158    
21232   
44925   
17511   
45758   
35540   
24806   
8997    
29713   
6703    
29580   
20495   
51191   
12897   
9433    
10010   
1251    
1653    
59686   
57010   
14513   
12688   
41809   
12715   
197430  
12389   
13127   
24466   
36351   
27747   
31334   
29314   
46664   
15003   
3243    
25668   
56876   
56423   
20860   
12676   
19318   
28908   
20013   
12741   
44066   
46844   
5607    
10316   
3223    
12231   
41668   
26068   
36012   
33984   
4771    
42892   
2541    
6849    
9829    
9082    
7676    
21250   
22652   
12436   
2152    
13838   
8218    
32329   
37560   
9269    
29422   
10796   
15467   
20902   
59      
38895   
29691   
18451   
54858   
6830    
16202   
5588    
47394   
20723   
41489   
13301   
21409   
8560    
26615   
559     
43541   
12414   
36850   
198203  
52178   
9136    
34168   
40819   
376     
47241   
50266   
41853   
49367   
15830   
38285   
35475   
20738   
39608   
13999   
20773   
35463   
41715   
15598   
36137   
10835   
2497    
32220   
39326   
7065    
29073   
47313   
31342   
2860    
198599  
8943    
5483    
45711   
2527    
13193   
3265    
196752  
9617    
27699   
701     
16509   
803     
43350   
3842    
4581    
8905    
6461    
8402    
6805    
51290   
15659   
14586   
30266   
8972    
44395   
6848    
6659    
16086   
13097   
35393   
61046   
18624   
47172   
27823   
60610   
29649   
1659    
35819   
30823   
4704    
32780   
36236   
41750   
31103   
54665   
25720   
38      
9009    
22923   
32666   
39389   
45051   
197301  
9264    
1241    
59939   
51167   
46652   
22422   
33885   
48031   
5610    
8546    
34087   
53850   
200130  
7540    
8426    
26223   
2496    
12322   
49439   
3239    
31042   
1835    
14543   
20880   
17090   
251     
32907   
49170   
60567   
60781   
43146   
6315    
33604   
9824    
36947   
57794   
33363   
3292    
1403    
29632   
17055   
133165  
21479   
28753   
12357   
7545    
264     
29141   
21299   
5769    
8220    
35662   
18978   
55410   
30036   
3269    
40092   
15516   
4765    
3       
31122   
16245   
12400   
48635   
29      
23700   
43561   
50261   
19165   
26832   
8447    
3595    
13030   
5591    
35470   
5650    
10508   
12578   
6714    
23394   
132597  
45899   
201773  
20625   
17813   
35100   
57537   
47066   
8916    
60295   
7922    
40029   
19255   
2852    
42610   
35411   
48278   
11427   
1764    
63949   
49562   
31669   
21412   
35244   
35041   
11351   
31983   
6739    
17099   
36903   
10674   
35376   
197451  
46193   
855     
15154   
30      
20533   
32748   
21844   
46841   
3267    
43691   
52201   
15802   
31568   
22047   
16347   
6828    
34549   
39642   
20633   
50673   
198093  
4739    
5385    
51765   
45187   
12175   
25308   
36316   
42455   
7794    
54414   
21826   
1103    
16637   
58940   
39756   
31214   
47610   
49981   
61360   
15682   
2514    
57858   
197922  
852     
36049   
20910   
25899   
27357   
57      
133731  
133481  
27229   
51731   
37705   
21581   
29208   
41966   
8331    
1239    
13789   
21453   
47269   
14061   
7363    
41998   
48642   
39351   
15640   
24651   
4323    
12768   
1101    
24956   
18566   
12898   
13319   
11051   
35706   
12337   
24989   
44724   
15728   
34878   
56617   
8075    
16075   
43826   
1133    
197988  
8422    
8866    
39792   
5089    
8681    
35807   
2519    
12312   
49115   
48209   
24005   
4181    
679     
20473   
37589   
15527   
12859   
13037   
31863   
29028   
25144   
6730    
31257   
8345    
27921   
23535   
20207   
38333   
11955   
32632   
25002   
40459   
41789   
12693   
31148   
2529    
60071   
9145    
1221    
12180   
28271   
3352    
57963   
10929   
43205   
57844   
39102   
56510   
21599   
2516    
4922    
8369    
13156   
20857   
4565    
36375   
12586   
35916   
6306    
40061   
44134   
6079    
4804    
21472   
31283   
45570   
33891   
21107   
13828   
201011  
3215    
20931   
43612   
13722   
20807   
278     
6724    
29456   
14536   
9031    
6921    
30475   
41786   
37989   
25229   
9       
25795   
37692   
34568   
6128    
31213   
48133   
29951   
31556   
23136   
15626   
17552   
29256   
50543   
9105    
30722   
30693   
6893    
62904   
13237   
7377    
42831   
5602    
17619   
55592   
42431   
12271   
3816    
2379    
18779   
9822    
2119    
197540  
6799    
16010   
49544   
6407    
14517   
21743   
25500   
19108   
3329    
5421    
6713    
196750  
47215   
3786    
10013   
20001   
7456    
47323   
40788   
6517    
394844  
8680    
13367   
21127   
35141   
41268   
34971   
111     
39309   
13101   
20712   
31364   
194     
50304   
33588   
19853   
6181    
16814   
46606   
40867   
25532   
42708   
43289   
22281   
34232   
24238   
50240   
43326   
44869   
35425   
29278   
34990   
47207   
44306   
41508   
31679   
42473   
10091   
198031  
34011   
3462    
40676   
34764   
12360   
3209    
12876   
31549   
53828   
25472   
3356    
5739    
577     
3927    
9916    
62567   
29182   
59469   
12946   
197078  
49352   
29405   
200052  
15895   
23033   
58001   
8359    
56610   
15926   
54540   
55536   
8151    
39369   
200429  
26046   
33028   
51395   
12993   
12392   
7303    
9371    
32107   
34240   
6939    
56322   
7459    
18809   
50392   
18450   
31250   
49743   
1312    
47447   
5578    
18047   
18116   
224     
40156   
25      
11831   
32354   
51815   
39289   
8612    
34779   
3722    
55053   
2856    
7029    
51756   
54046   
25560   
12576   
42730   
2607    
9506    
25653   
19817   
4788    
21378   
26464   
25820   
23881   
9365    
29802   
28717   
5078    
1136    
44136   
49879   
8400    
10143   
19969   
3320    
42682   
4685    
31514   
197071  
31019   
4768    
30496   
16301   
47692   
50512   
9063    
48142   
3257    
41011   
19994   
34358   
10481   
12025   
45629   
34383   
47069   
8251    
23387   
29302   
34989   
1955    
1213    
7552    
7835    
45055   
9198    
5617    
17444   
15657   
50472   
4760    
62638   
812     
50542   
51013   
49112   
24961   
197019  
34610   
48687   
43120   
8779    
31797   
15169   
53667   
44581   
44565   
47206   
2734    
29169   
12260   
51896   
46475   
6877    
40193   
28573   
22927   
25504   
15388   
12844   
196866  
20507   
42575   
57169   
15685   
32953   
46562   
11557   
13213   
26496   
13911   
22030   
51852   
11403   
10474   
33070   
12083   
8767    
31078   
29670   
52048   
9008    
28890   
21021   
719     
35018   
41843   
2116    
2847    
29695   
8100    
13110   
196689  
24862   
33480   
44538   
29148   
9351    
16863   
20115   
12714   
11232   
23655   
8121    
11426   
31435   
53340   
35366   
11814   
50618   
42298   
38719   
1901    
9737    
42160   
34224   
17746   
13230   
39473   
26347   
2108    
63014   
41828   
15763   
36436   
34867   
13124   
49749   
137     
9790    
53264   
51256   
49770   
8334    
2603    
20485   
15836   
39783   
8339    
1680    
12874   
43234   
51352   
5563    
46261   
14618   
30404   
16391   
35492   
15673   
15557   
13654   
42695   
39554   
48533   
38951   
50821   
11404   
199339  
10318   
18881   
197288  
680     
22773   
44941   
29550   
32244   
19355   
16276   
12912   
14868   
20521   
43557   
12093   
9318    
24679   
50448   
8246    
36024   
8048    
5408    
16186   
12668   
7506    
32097   
38731   
2683    
24900   
24560   
3327    
50923   
35592   
73      
30633   
16652   
174     
15318   
6775    
44265   
51969   
18106   
24971   
21502   
5390    
