33662   
9044    
8228    
7155    
22561   
8764    
3249    
8607    
10996   
32181   
2857    
3329    
20773   
5410    
19108   
43940   
3790    
7018    
18      
13489   
24940   
7385    
10620   
29396   
55      
3737    
25515   
6910    
2906    
9121    
4134    
12660   
39141   
20766   
49826   
5432    
13285   
2107    
39651   
5669    
13977   
17716   
23859   
6327    
9145    
33934   
13672   
17974   
4515    
16202   
2828    
15180   
22653   
12605   
5577    
6130    
8708    
9070    
33139   
8608    
18806   
25490   
9534    
10843   
17971   
33762   
3301    
15782   
36252   
5384    
17622   
41872   
1257    
23969   
6079    
21249   
53292   
15879   
54240   
12178   
20910   
8437    
111     
201360  
5760    
16586   
30466   
3058    
1267    
1124    
30407   
29518   
8728    
23141   
13768   
14987   
4713    
760     
14615   
31400   
34984   
8970    
5626    
24730   
553     
23304   
16232   
15557   
12513   
11290   
12430   
39597   
20676   
42005   
17139   
11666   
9143    
43948   
54489   
23005   
6167    
42673   
8047    
8615    
13703   
5645    
35612   
9299    
31172   
12958   
13184   
3303    
4540    
60893   
17676   
31333   
54728   
8473    
47886   
18712   
4837    
20597   
41363   
8551    
29562   
25631   
8972    
16340   
17858   
1759    
5413    
286     
15589   
1239    
39857   
32773   
31246   
8997    
2852    
1653    
28541   
15747   
1680    
12715   
30336   
60484   
53823   
13127   
15467   
36351   
27747   
31334   
29314   
13156   
17772   
20712   
12676   
28908   
12741   
5607    
33984   
15659   
6849    
9829    
38809   
5396    
32329   
4808    
9269    
35632   
29422   
10796   
6697    
38844   
27807   
19180   
6830    
4385    
13272   
790     
29873   
8560    
8447    
6389    
5080    
16117   
4528    
2510    
4538    
11492   
8881    
40193   
25588   
4812    
7065    
20694   
2860    
3450    
10598   
5483    
28742   
13193   
3265    
9617    
27699   
701     
33902   
25074   
12282   
35228   
24139   
8402    
6805    
16302   
49852   
16086   
49788   
7459    
209     
15497   
30217   
30764   
39184   
3651    
21840   
14492   
31103   
7738    
1241    
33885   
13284   
31094   
5610    
4645    
12322   
31042   
15083   
6536    
20880   
3561    
20860   
3786    
6315    
8866    
3292    
14383   
22773   
31034   
5769    
3144    
15149   
20495   
13367   
3       
20704   
27761   
29      
3595    
13101   
7843    
11550   
12578   
6714    
34224   
2110    
29492   
7132    
7922    
33647   
12260   
11427   
719     
34560   
35244   
11351   
13693   
36903   
4847    
13371   
15493   
32748   
21844   
22489   
22394   
15802   
1741    
12301   
15943   
21069   
3323    
4739    
5385    
3330    
21826   
39501   
47610   
15682   
852     
41000   
44716   
702     
40772   
28509   
19957   
13041   
16960   
9386    
17883   
44769   
9158    
9050    
12926   
4323    
1101    
31708   
48159   
104     
18566   
34602   
11051   
24989   
32666   
18747   
12797   
61174   
1133    
8422    
5089    
25596   
7418    
17964   
12859   
13037   
8641    
6739    
8253    
6356    
25899   
11955   
7332    
40459   
134238  
6908    
3352    
21599   
60781   
2516    
20857   
17816   
26658   
30741   
34234   
28753   
3215    
4788    
23342   
19875   
25229   
9       
28909   
49345   
20640   
6128    
34502   
87      
7693    
17552   
2856    
9105    
23138   
53785   
13237   
20130   
16305   
39554   
12271   
11020   
18779   
55465   
2119    
197603  
6799    
9304    
24990   
12479   
12644   
174     
6713    
58466   
10013   
20001   
48095   
3269    
17962   
4922    
6983    
15516   
35810   
16814   
43939   
22759   
41440   
35425   
10091   
3462    
197133  
39005   
3209    
50266   
8926    
36375   
3356    
12816   
577     
5537    
9916    
9394    
28982   
12727   
33363   
30517   
8359    
2108    
39369   
12392   
1221    
9812    
34240   
6939    
42081   
17488   
8648    
10318   
8767    
2529    
12635   
14742   
32354   
4804    
3320    
8612    
34779   
3255    
15146   
27630   
7029    
23338   
9506    
25653   
19817   
6724    
12831   
1136    
31304   
1853    
12638   
5603    
4685    
47929   
30496   
24218   
5617    
51473   
8468    
35776   
40304   
21804   
58539   
23387   
2044    
19916   
56046   
1955    
14536   
13868   
10439   
35577   
11342   
4760    
812     
12093   
24961   
17923   
9908    
35680   
197498  
5430    
41091   
38923   
28573   
22927   
9498    
20507   
4826    
42863   
26496   
13911   
22030   
33070   
12083   
36053   
10481   
21021   
31669   
29695   
8048    
13110   
13999   
22576   
15598   
20115   
12714   
11232   
1659    
11426   
35366   
48340   
27325   
1742    
23724   
12337   
13124   
1668    
31530   
12793   
10297   
25761   
8339    
12874   
7011    
21202   
38951   
198096  
8445    
26271   
2586    
197288  
680     
9116    
1249    
29550   
34038   
16276   
15582   
1103    
9318    
24679   
5408    
18177   
24900   
24560   
24971   
35592   
137     
6848    
4589    
18106   
46193   
21502   
5390    
