8228    
103     
22561   
25700   
10996   
167     
8881    
5410    
3790    
7018    
24940   
7385    
10620   
11650   
4802    
55      
3737    
2906    
9121    
4134    
20766   
49826   
13285   
39651   
5669    
17716   
6327    
4766    
250     
16202   
2828    
6405    
5577    
8708    
9070    
15943   
9389    
27229   
133775  
17971   
3301    
4181    
15782   
36252   
1257    
23969   
7782    
34171   
29791   
766     
53292   
786     
8437    
14051   
29685   
3058    
18516   
29518   
39288   
6535    
13768   
14987   
4713    
20248   
42914   
34984   
8970    
61157   
32613   
553     
16232   
15557   
27773   
5615    
20676   
9143    
25374   
42673   
32475   
8047    
8615    
13703   
5645    
35612   
9299    
13184   
3303    
17676   
2611    
11924   
54728   
8473    
32      
29873   
4837    
8624    
1110    
11556   
8551    
29562   
8972    
209     
1759    
21840   
286     
1239    
8997    
2852    
1680    
12715   
13127   
36351   
31334   
3243    
17772   
20860   
6407    
35569   
5607    
8469    
36012   
33984   
15659   
12042   
43720   
31543   
44775   
29422   
10796   
15467   
6830    
790     
18712   
8560    
8447    
6389    
9150    
11492   
32083   
20773   
40193   
4812    
23201   
25248   
7065    
44508   
31342   
2860    
8943    
12178   
11734   
13193   
3265    
9584    
701     
31815   
35228   
8402    
6805    
16302   
6659    
16086   
49788   
3909    
30217   
39184   
31103   
12436   
1241    
33885   
38661   
4645    
12322   
31042   
60781   
6315    
35355   
12066   
3292    
14383   
28753   
7545    
198096  
7992    
15149   
3269    
194     
3       
20704   
29      
1221    
35470   
34823   
7132    
7922    
13490   
11427   
30768   
63949   
719     
35244   
46887   
11351   
13693   
25899   
4847    
46193   
21844   
197902  
8371    
48234   
12399   
28935   
22047   
21069   
4739    
5385    
31514   
15756   
31969   
47610   
29208   
12025   
36049   
44716   
44034   
13041   
87      
9158    
9050    
15640   
26935   
1101    
18566   
30036   
11051   
35706   
24989   
8422    
5089    
34240   
7418    
41560   
679     
13037   
8253    
18047   
40459   
29075   
9145    
4158    
3352    
1930    
20718   
22801   
35916   
29386   
21107   
3215    
20807   
10594   
4788    
23342   
19875   
36547   
25229   
6128    
17552   
2856    
30722   
53785   
20130   
3313    
39554   
12271   
32244   
18779   
2119    
6799    
9304    
28555   
14517   
24990   
19108   
25596   
20001   
35141   
111     
13101   
10970   
16814   
22759   
35425   
32400   
5760    
10091   
3462    
39005   
3209    
36375   
3356    
577     
15054   
5537    
9916    
28982   
33363   
16718   
8359    
2108    
8151    
3595    
9812    
32107   
6939    
8648    
8767    
199146  
4804    
8612    
34779   
15146   
7029    
9506    
19817   
6724    
6846    
1136    
10143   
1853    
4808    
3320    
5603    
24218   
19271   
5617    
8468    
19994   
15085   
8643    
23387   
19916   
1955    
2586    
13868   
16399   
8897    
4760    
812     
24961   
6908    
24679   
197498  
29169   
5430    
46475   
39823   
20507   
42863   
13911   
22030   
12083   
31400   
29695   
33139   
13999   
31197   
20115   
11232   
14116   
11426   
31435   
23336   
22150   
35366   
34224   
1742    
23724   
41828   
12337   
13124   
15290   
12793   
10297   
25761   
8339    
12874   
43234   
26198   
197288  
680     
22773   
29550   
16276   
28908   
1103    
9318    
44581   
48943   
24900   
35592   
73      
30633   
16652   
3549    
21502   
137     
49852   
