9044    
8228    
17054   
43698   
22561   
37153   
3249    
25700   
14366   
167     
2857    
9431    
20773   
5410    
48039   
15500   
30798   
3790    
11260   
7018    
24940   
20776   
7385    
31727   
10620   
43070   
9121    
20766   
17713   
2200    
13285   
2107    
6871    
39651   
5669    
17716   
6327    
20845   
4766    
40475   
38477   
13022   
16202   
12015   
2828    
5577    
9070    
15943   
47869   
27229   
35017   
1280    
17971   
3301    
1257    
3216    
1930    
34171   
766     
15879   
237     
5483    
8047    
6876    
31708   
20910   
8437    
31127   
5760    
29182   
1267    
29518   
39288   
29208   
13768   
14987   
4713    
8283    
31400   
8970    
61157   
2514    
32613   
553     
48549   
15557   
32392   
48943   
5615    
20676   
12816   
31615   
9143    
23005   
38478   
42673   
786     
8615    
12552   
13703   
5645    
10489   
35612   
3226    
13184   
3303    
15962   
17676   
9737    
11924   
54728   
8473    
22594   
41887   
18712   
8624    
20597   
8551    
29562   
8632    
41733   
209     
1759    
6364    
1239    
31549   
51490   
24806   
8997    
2852    
2611    
9433    
1653    
15747   
1680    
12715   
24956   
13127   
36351   
27747   
31334   
15003   
20860   
28908   
12741   
5607    
26068   
12334   
36012   
33984   
15659   
6849    
9829    
15694   
31543   
29422   
10796   
40015   
6697    
15467   
20454   
27807   
29691   
6830    
4385    
8048    
13301   
18530   
5432    
8560    
559     
8447    
6389    
6147    
49879   
38935   
22747   
2510    
49367   
15830   
35656   
32083   
8881    
40193   
12310   
33837   
30962   
2497    
7065    
44508   
21513   
29073   
12597   
8943    
33392   
3265    
701     
45045   
803     
46375   
35228   
6461    
8402    
6805    
51290   
8972    
16086   
7459    
43612   
27823   
12968   
30217   
3651    
196752  
31103   
7738    
12436   
30528   
203598  
9264    
1241    
33885   
24122   
5610    
9167    
34087   
8426    
12322   
20880   
3786    
6315    
33604   
9824    
39857   
3292    
12684   
28753   
7545    
44227   
7992    
30036   
15149   
3269    
13367   
3       
31122   
36236   
48635   
31094   
43561   
19165   
17547   
3595    
13030   
38457   
35191   
3308    
12880   
7132    
7922    
6855    
11427   
50530   
63949   
719     
35244   
46887   
11351   
3221    
10674   
30158   
32748   
21844   
46841   
12399   
1741    
12301   
22047   
1938    
13333   
47771   
8508    
4739    
41563   
49981   
15682   
12025   
852     
36049   
41842   
11834   
44716   
44034   
133731  
9158    
13789   
9050    
10111   
39608   
4323    
12709   
24544   
1101    
104     
18566   
60781   
11051   
48355   
24989   
29075   
2614    
8422    
5089    
5723    
34240   
679     
47447   
21219   
62415   
32071   
15154   
6730    
9080    
25899   
31148   
9145    
3352    
10929   
28676   
39102   
2516    
35916   
41947   
25521   
3215    
25525   
23292   
45839   
8559    
10594   
6724    
19875   
15657   
6128    
7575    
18129   
17552   
35393   
9105    
53785   
34400   
43234   
3313    
39554   
12271   
18779   
9822    
2119    
6799    
49544   
6407    
24990   
19108   
174     
20001   
9381    
111     
13101   
194     
12350   
12543   
35425   
32400   
10091   
3462    
59      
56132   
3209    
50266   
53828   
6672    
36375   
577     
47155   
12530   
9916    
51040   
28982   
33363   
30517   
8359    
2108    
29873   
8151    
32107   
6939    
4768    
7753    
3363    
8648    
8767    
224     
14742   
14361   
26794   
8612    
15751   
2856    
7029    
23338   
9506    
19817   
7122    
35000   
19969   
3320    
16276   
4685    
6653    
9269    
5617    
9931    
41011   
19994   
10481   
2698    
23387   
18494   
20590   
19916   
88      
1955    
2586    
812     
24961   
25596   
44581   
197498  
29169   
46475   
28573   
22927   
13213   
21213   
22030   
33070   
12083   
21021   
5588    
9329    
16948   
29695   
33139   
15623   
20115   
12714   
18479   
11426   
31864   
35366   
6300    
34224   
13188   
42695   
3244    
35908   
34700   
43541   
24900   
12414   
12337   
49770   
10297   
29761   
8339    
12874   
49455   
20130   
46      
14618   
35492   
40676   
26198   
8732    
680     
22773   
29550   
42682   
12912   
7671    
1103    
9318    
24679   
36024   
12693   
32097   
38731   
12705   
43118   
24560   
35592   
16652   
10507   
6848    
18106   
137     
21502   
