33662   
8228    
103     
22561   
5664    
8764    
4760    
25700   
26934   
167     
8881    
5410    
48039   
36352   
12479   
16097   
11260   
7018    
24940   
21565   
31727   
10620   
21062   
4802    
37153   
197019  
13926   
13045   
5432    
13285   
2510    
6871    
39651   
5669    
12871   
9584    
20375   
6327    
24544   
48185   
20845   
4766    
35032   
250     
12015   
2828    
7303    
14166   
21412   
8708    
12637   
9070    
15943   
34549   
47869   
3741    
27229   
35017   
1280    
17971   
50465   
3301    
4181    
25019   
44677   
34550   
1257    
6079    
766     
12850   
15879   
237     
36275   
8047    
31708   
8437    
9924    
29580   
29685   
16586   
29182   
1267    
55470   
29518   
6400    
29017   
13768   
14987   
43847   
4713    
20248   
7543    
8283    
34594   
31400   
35573   
196689  
22799   
61157   
12025   
32613   
553     
11830   
15557   
12513   
5466    
5615    
20676   
28571   
25133   
16371   
9143    
43948   
31042   
33724   
41164   
38478   
42673   
32475   
786     
8615    
23028   
41676   
13703   
133731  
5645    
10489   
35612   
38197   
33785   
13184   
3303    
17676   
1836    
31333   
54728   
8473    
2033    
18712   
8624    
20597   
24852   
34702   
8551    
29562   
25631   
25124   
209     
1759    
286     
13189   
6364    
31549   
7296    
31246   
8997    
2852    
9433    
1653    
15747   
1680    
12715   
42652   
13127   
35706   
36351   
31334   
46664   
15003   
3243    
49981   
20860   
11139   
12676   
48355   
28908   
12741   
5607    
22192   
10316   
12338   
26068   
36012   
33984   
15659   
6849    
6181    
23504   
39912   
8218    
18420   
29422   
47232   
10796   
40015   
6697    
27      
20454   
38895   
15685   
6830    
19662   
4385    
36149   
790     
13301   
18530   
8560    
8447    
6389    
25593   
29587   
33139   
49879   
38935   
50266   
49367   
15830   
11492   
20773   
40193   
11051   
44086   
30962   
9443    
2497    
22085   
7065    
12597   
31342   
2860    
8943    
5483    
45711   
23673   
3265    
27699   
701     
12626   
45045   
18266   
31815   
46375   
35228   
15670   
6461    
8402    
6805    
51290   
16302   
41733   
16086   
27823   
30217   
3651    
196752  
48781   
11664   
31103   
194     
45051   
30528   
197301  
1241    
33885   
5610    
34087   
8426    
12322   
3239    
3790    
5628    
50334   
14348   
40475   
47370   
6315    
33604   
9824    
35366   
33363   
3292    
1403    
33154   
28753   
7545    
44227   
5769    
29571   
30036   
3269    
9931    
4765    
3       
48635   
49371   
24806   
17547   
3595    
13030   
12578   
42486   
56472   
12605   
34823   
17746   
7922    
6855    
42610   
11427   
63949   
719     
5577    
35244   
35041   
11351   
35376   
39709   
29761   
855     
25071   
19016   
32748   
21844   
8371    
12399   
15802   
1741    
25385   
21497   
39642   
4739    
50821   
21826   
31969   
29208   
1299    
15682   
17813   
852     
36049   
41842   
11834   
44716   
25899   
25375   
21351   
21581   
9120    
9158    
9050    
20299   
6856    
39351   
4323    
7522    
12683   
1101    
20161   
43061   
18566   
3786    
33837   
39799   
24989   
44692   
8422    
5089    
7418    
679     
15782   
29028   
62415   
50698   
20207   
25002   
42613   
29075   
43148   
34240   
1221    
47530   
49770   
49810   
10929   
21599   
60781   
2516    
36375   
12586   
17216   
41947   
10396   
45570   
3215    
45839   
8559    
10594   
8877    
4788    
29456   
23342   
55900   
41786   
19875   
25229   
15657   
6128    
47524   
34119   
17552   
45194   
9105    
30722   
53785   
13170   
6893    
39229   
34400   
20766   
3313    
12271   
11020   
18779   
47475   
2119    
16842   
11696   
24990   
19108   
12644   
174     
202165  
10013   
20001   
5518    
35141   
9822    
111     
6983    
15516   
33588   
21260   
12350   
10970   
25532   
42708   
24238   
35492   
45753   
35425   
5760    
30868   
17839   
10091   
34011   
3462    
30881   
39005   
3209    
26689   
14      
2527    
3356    
12816   
577     
47155   
20985   
28982   
8972    
30517   
8359    
2108    
29873   
16509   
2592    
47165   
42794   
51964   
6939    
31252   
7753    
5578    
44244   
8767    
2529    
42363   
11831   
197288  
12731   
8612    
34779   
680     
2856    
7029    
9506    
25653   
19817   
6724    
26464   
7961    
7122    
1136    
35000   
10143   
19969   
3320    
16276   
4685    
4768    
30496   
25512   
19271   
5617    
41011   
19994   
35813   
8643    
6828    
23387   
18494   
8448    
20590   
19916   
88      
1955    
2586    
5690    
10439   
15467   
34383   
812     
43203   
3352    
2519    
24961   
5639    
15957   
15169   
53667   
38001   
44581   
44565   
35548   
29169   
21479   
28573   
30902   
55045   
13647   
20507   
46562   
8059    
49435   
13213   
26496   
34267   
13911   
12693   
33070   
12083   
9008    
28890   
21021   
29686   
5588    
13773   
2116    
34282   
29695   
8100    
13999   
22576   
32097   
20115   
12714   
11232   
1659    
11426   
31435   
31864   
36947   
50618   
9543    
13188   
41854   
42695   
58003   
35908   
26347   
43541   
15897   
45887   
52236   
196968  
14704   
10297   
30158   
8339    
20130   
51059   
46      
35518   
12464   
14618   
14905   
40676   
18881   
20135   
45694   
22773   
29550   
9365    
5603    
7671    
1103    
9318    
24679   
11318   
5408    
20771   
8675    
15623   
38731   
2683    
24900   
24560   
35592   
46193   
16652   
6799    
6848    
24971   
21502   
5390    
