8228    
103     
22561   
11696   
31148   
3249    
35382   
11841   
30640   
26934   
22047   
167     
25184   
29854   
8881    
12494   
48039   
36352   
12479   
14613   
7018    
50113   
24940   
31727   
8167    
29484   
21062   
8764    
25515   
3213    
48355   
8401    
20766   
23674   
13045   
5432    
13285   
2510    
6871    
39651   
20375   
6327    
48185   
4766    
5518    
250     
26793   
22653   
12605   
12035   
21412   
55430   
8708    
12637   
29944   
34549   
15612   
47869   
27229   
25538   
35017   
1280    
17971   
39642   
50465   
3301    
30058   
25019   
19844   
19182   
1257    
3216    
1930    
6079    
766     
15879   
237     
36275   
8047    
6876    
20910   
8615    
8437    
29527   
31127   
47218   
29685   
16586   
29182   
1267    
55470   
14813   
29518   
39288   
29017   
23141   
13768   
14987   
43847   
4713    
760     
20248   
3790    
8283    
40824   
42322   
31400   
34984   
196689  
12025   
15969   
32613   
553     
11830   
15557   
33387   
5615    
49289   
20676   
18182   
56724   
10970   
31708   
25133   
46562   
9143    
43948   
41164   
38478   
42673   
32475   
786     
2118    
23028   
30083   
44291   
12552   
13703   
28509   
5645    
59624   
10489   
35612   
33785   
13184   
3303    
15962   
17676   
1836    
4773    
2611    
36493   
8473    
8190    
18712   
8624    
8402    
31229   
20597   
33182   
34702   
8551    
29562   
50608   
8972    
13354   
209     
1759    
286     
31      
2840    
6364    
1239    
13409   
17511   
39392   
31246   
6703    
17924   
9737    
9433    
1653    
15747   
1680    
12715   
12389   
13127   
42116   
31333   
36351   
12466   
31334   
46664   
15003   
3243    
49335   
5760    
29286   
44158   
20860   
12676   
47475   
6407    
34867   
12741   
5607    
3223    
12338   
41668   
26068   
36012   
33984   
15659   
43754   
32875   
39912   
56435   
32329   
18420   
9269    
29422   
10796   
40015   
6697    
15467   
20454   
38895   
28954   
15685   
6830    
44869   
790     
27823   
13301   
8267    
21409   
2200    
8560    
43541   
6389    
26827   
49879   
38935   
43989   
22747   
6198    
49367   
15830   
35475   
11492   
40688   
20773   
40193   
31147   
11051   
44086   
30962   
2497    
21485   
39326   
7065    
29073   
12597   
31342   
2860    
8943    
5483    
45711   
2527    
3265    
41715   
16700   
27699   
701     
45045   
18266   
12282   
43350   
46375   
35228   
26421   
15670   
6461    
5056    
6805    
51290   
30266   
41733   
46844   
16086   
9122    
1290    
57172   
35819   
48781   
30847   
11664   
31103   
7738    
9009    
2588    
194     
30528   
51167   
33885   
201011  
48031   
27992   
34847   
57732   
47069   
12322   
48815   
50821   
39501   
40475   
43146   
6315    
33604   
36947   
3292    
1403    
17055   
16202   
7545    
29141   
5769    
18978   
30036   
3269    
15516   
4765    
3       
36236   
5381    
31094   
31036   
17547   
3595    
13030   
35470   
5650    
10508   
12578   
6714    
201773  
42303   
17813   
12880   
34823   
60295   
7922    
8426    
13490   
11427   
1764    
63949   
31669   
5577    
35244   
6786    
11351   
29028   
30968   
8342    
35376   
29761   
32748   
21844   
46841   
8371    
52201   
12301   
25385   
39301   
22489   
29107   
50673   
16462   
4739    
49981   
15682   
2514    
852     
36049   
41842   
33724   
44716   
25899   
41661   
39027   
133481  
13041   
9120    
9158    
47269   
6856    
34934   
39351   
20956   
24544   
12768   
1101    
18566   
60781   
33837   
5410    
24989   
48133   
23304   
29580   
35238   
1133    
8422    
5089    
8681    
6908    
29632   
4181    
679     
20473   
27866   
31027   
6739    
25513   
27921   
22950   
21040   
20207   
8477    
7522    
29075   
2529    
34240   
3352    
10929   
21599   
25      
2516    
23969   
12586   
35916   
24863   
6306    
16125   
51815   
28753   
3215    
13722   
8559    
10594   
8877    
4788    
23342   
9031    
35041   
41786   
19875   
25229   
31424   
25795   
6128    
47524   
133731  
73      
15626   
17552   
29256   
50543   
53785   
30693   
9116    
6893    
45204   
13237   
42831   
5602    
39554   
12271   
2379    
18779   
9822    
2119    
197540  
6799    
9304    
49544   
28908   
14517   
31012   
7799    
19108   
3329    
174     
6713    
10013   
20001   
34556   
24324   
2518    
41268   
111     
15772   
20712   
9931    
33588   
15127   
43443   
49855   
42708   
22759   
42893   
35492   
19009   
48526   
45753   
35425   
29278   
46816   
47215   
24459   
3462    
30881   
3209    
34168   
14      
13307   
36375   
31477   
12816   
577     
47155   
12530   
3330    
28719   
29405   
44050   
33363   
30517   
23033   
58001   
8359    
2108    
29873   
8151    
2110    
16509   
12392   
1221    
10143   
9371    
60144   
6939    
5719    
52232   
7753    
1312    
47447   
5578    
8767    
45839   
224     
12635   
21980   
11831   
16626   
26794   
8612    
34779   
26608   
35278   
8218    
2856    
15468   
7029    
2607    
9506    
25653   
19817   
6724    
26464   
34764   
29802   
43333   
1136    
35000   
47165   
6535    
3320    
5603    
4768    
41508   
25512   
47692   
5617    
41011   
19994   
21769   
10481   
8455    
27747   
21804   
23387   
29302   
19916   
6849    
1955    
2586    
15657   
50472   
812     
43203   
12093   
24961   
197019  
34610   
31430   
53667   
44581   
44565   
29169   
42610   
46475   
28573   
55045   
13647   
20507   
42148   
197287  
2854    
13213   
26496   
51852   
12693   
33070   
12083   
6775    
27364   
42652   
719     
35018   
44981   
2116    
2847    
29695   
8100    
13110   
44884   
22576   
15623   
15582   
20115   
12714   
8717    
11232   
53703   
11426   
31435   
35366   
11814   
50618   
42298   
17746   
47271   
34550   
26347   
8447    
15897   
36903   
15763   
12414   
13124   
7643    
53264   
49770   
14704   
10297   
35274   
30158   
8339    
12874   
51059   
46      
46261   
12464   
14618   
34232   
14905   
27413   
40676   
12513   
18881   
23242   
680     
22773   
16276   
30600   
131     
41853   
1103    
9318    
24679   
36024   
5408    
16186   
12668   
6181    
32097   
38731   
6854    
18177   
2683    
24900   
35592   
23148   
137     
16652   
3549    
21502   
25406   
24814   
24971   
6848    
5390    
