9044    
103     
22561   
8764    
35382   
11841   
30640   
167     
26599   
20634   
197043  
7155    
29854   
20773   
29580   
54665   
36352   
48039   
14613   
812     
7018    
50113   
55329   
13489   
24940   
8542    
8167    
30176   
4802    
51054   
5410    
41232   
8607    
2875    
5432    
13285   
2510    
6871    
39651   
5669    
13977   
18047   
20375   
6327    
8559    
50613   
4766    
34556   
250     
11288   
16202   
14754   
22653   
62207   
12605   
5577    
7065    
8708    
29944   
44734   
56813   
47869   
3741    
27229   
25538   
35017   
1280    
17971   
50465   
39138   
12312   
30058   
57381   
36252   
5384    
19182   
1257    
3216    
23969   
35141   
6079    
766     
21366   
57489   
34533   
15879   
237     
36275   
48309   
8047    
6876    
10835   
31708   
20910   
2118    
8437    
31127   
111     
44869   
29685   
16586   
393249  
29182   
29838   
39756   
16904   
1267    
55470   
41557   
14813   
29518   
42825   
37153   
6400    
29017   
35530   
13768   
14987   
43847   
4713    
12390   
760     
20248   
3790    
8283    
40824   
42322   
31400   
196689  
62282   
38285   
197637  
41454   
2514    
15969   
32613   
553     
45758   
36223   
15557   
33387   
197422  
5615    
20676   
46457   
42005   
25133   
49964   
198599  
9143    
49120   
43948   
33724   
41164   
6167    
33843   
28615   
32475   
10489   
786     
8615    
198414  
23028   
30083   
25577   
42964   
21743   
15868   
13703   
5645    
26464   
35612   
3226    
3842    
33785   
13184   
3303    
50463   
15962   
17676   
1836    
23148   
9737    
38478   
31333   
8473    
199894  
14901   
197197  
47886   
18712   
8624    
31229   
20597   
34702   
8551    
29562   
8972    
13354   
209     
1759    
286     
31      
2840    
6364    
17090   
9158    
12872   
44925   
30833   
17511   
35540   
31246   
8997    
8896    
13055   
29194   
9050    
20495   
12897   
9433    
1653    
59686   
41508   
38922   
1680    
12715   
24956   
12389   
13127   
24466   
25019   
36351   
27747   
62378   
29314   
35637   
46664   
15003   
3243    
49335   
34934   
20860   
12676   
42003   
44066   
5607    
3223    
12338   
26068   
36012   
33984   
4771    
15659   
6849    
9082    
32875   
30880   
2152    
8218    
41075   
8928    
9269    
35632   
35533   
29422   
10796   
10143   
6697    
15467   
20454   
38895   
15685   
6830    
19662   
5588    
20723   
13301   
29873   
21409   
8560    
26615   
8447    
6389    
36850   
47241   
38935   
50266   
22747   
15830   
35475   
20738   
11492   
8881    
41715   
33837   
55577   
9443    
2497    
32220   
6130    
29073   
12597   
199558  
2860    
32780   
8943    
5483    
45711   
13618   
2527    
13193   
3265    
43050   
9617    
197328  
27699   
701     
39288   
20115   
46375   
4581    
52284   
8905    
6461    
8402    
6805    
51290   
56617   
30266   
41733   
6659    
16086   
26669   
27823   
17858   
38758   
43146   
30764   
3651    
196752  
48781   
11664   
16637   
31103   
25720   
12436   
57378   
30528   
197301  
1241    
39792   
51167   
33885   
21412   
48031   
27992   
5610    
8426    
12322   
48815   
50821   
20766   
20880   
57043   
12898   
6315    
8866    
20940   
15895   
3292    
1403    
30517   
28753   
12357   
7545    
5602    
35662   
18978   
30036   
3269    
38930   
15516   
4765    
3       
31122   
36236   
679     
24806   
17183   
28685   
19165   
34145   
17547   
3595    
13030   
56322   
35470   
5650    
10508   
12578   
6714    
3308    
12880   
34823   
29492   
60295   
7922    
2852    
42610   
2854    
63949   
49562   
719     
6503    
35041   
11351   
29028   
8342    
35376   
30158   
9351    
32748   
21844   
46841   
52201   
22394   
11013   
15943   
26347   
47678   
50673   
16462   
198093  
4739    
24751   
31334   
31042   
49902   
15517   
58940   
16245   
31214   
29208   
3330    
1299    
15682   
17813   
57858   
197922  
852     
36049   
15747   
25899   
41661   
133481  
47145   
9120    
1239    
27866   
47269   
48172   
23089   
39351   
39608   
44244   
45595   
7753    
18566   
40475   
11051   
31342   
40191   
24989   
48133   
2614    
35238   
1133    
8422    
33604   
45629   
29084   
5089    
8681    
35807   
44266   
9145    
29632   
56420   
40244   
20473   
42038   
15527   
12859   
53264   
13037   
6739    
6730    
6821    
10103   
20207   
8477    
40459   
31148   
2529    
34240   
1221    
9370    
3352    
57963   
10929   
21599   
60781   
8819    
20931   
2516    
20857   
12586   
40749   
35916   
17216   
34171   
4804    
45570   
21107   
201011  
3215    
18618   
13722   
20807   
8877    
6724    
29456   
9031    
6921    
30475   
41786   
37989   
25229   
35228   
9       
25795   
34568   
6128    
57239   
21127   
22363   
17552   
29256   
9105    
30722   
53785   
30693   
13170   
9116    
6893    
45204   
13237   
42831   
5769    
12271   
18779   
9822    
17      
2119    
42516   
197540  
6799    
49544   
11696   
14517   
31012   
19108   
174     
47215   
3301    
20001   
48235   
18515   
40788   
49770   
24955   
2518    
41268   
34971   
4922    
39309   
49776   
20712   
31364   
194     
33588   
48823   
49855   
12093   
35177   
42708   
43289   
24238   
50716   
41440   
45753   
35425   
29278   
46816   
45230   
34011   
3462    
50010   
3209    
10318   
14      
6672    
36375   
577     
47155   
12530   
7961    
35415   
59469   
28719   
28982   
18182   
33363   
48683   
57172   
23033   
8359    
2108    
48475   
39369   
41691   
16509   
12993   
12392   
51399   
198185  
12025   
9371    
32107   
6939    
8304    
18809   
6058    
28917   
54290   
1312    
47447   
5578    
558     
8767    
224     
18881   
11831   
23242   
51815   
8612    
34779   
2856    
7029    
54046   
12576   
42730   
9506    
25653   
19817   
21378   
11398   
34764   
15500   
28717   
1136    
39301   
49879   
47165   
1853    
19969   
6535    
3320    
5603    
4685    
4768    
30496   
47381   
47692   
31549   
5617    
3257    
8468    
41011   
19994   
131     
21769   
10481   
15085   
8455    
12129   
42965   
6828    
42065   
23387   
29302   
48666   
2044    
13054   
19202   
44988   
2586    
9198    
15657   
50472   
2764    
51013   
16125   
24961   
197019  
34610   
8779    
53667   
2914    
44565   
47206   
29169   
42352   
46475   
23367   
28573   
22927   
13647   
20507   
55430   
57169   
29691   
46562   
25528   
11427   
23205   
13213   
22030   
11403   
33070   
12083   
2381    
27364   
52048   
9008    
21021   
31669   
9329    
2116    
29695   
8100    
13110   
33480   
43350   
12714   
47544   
11232   
204274  
8121    
11426   
38499   
31435   
35366   
50618   
1102    
1901    
34224   
17746   
49156   
12705   
39642   
43541   
15763   
12414   
12337   
13124   
34218   
9790    
35361   
3061    
196968  
8334    
2603    
47531   
35816   
8339    
12874   
51059   
46      
5563    
46261   
12464   
14618   
34232   
35492   
15497   
15673   
16223   
12513   
40092   
11404   
14536   
40156   
197288  
680     
22773   
16276   
6775    
4616    
1103    
9318    
44581   
36024   
5408    
16186   
12668   
32097   
38731   
15425   
2683    
24900   
24560   
24971   
35592   
73      
137     
16652   
3549    
6848    
18106   
28745   
46193   
21502   
5390    
