9044    
8228    
103     
55329   
11696   
8764    
3249    
42160   
41691   
8607    
41230   
41019   
30640   
26934   
24789   
13069   
20931   
29854   
20773   
12494   
48039   
36352   
12479   
14613   
49550   
31127   
12816   
22561   
24940   
20836   
48685   
24956   
8167    
30176   
2933    
25515   
31969   
2906    
35382   
9121    
5653    
29632   
8401    
20766   
42174   
13045   
5432    
13285   
2510    
6871    
39651   
36137   
20375   
6327    
23655   
20845   
57423   
27589   
9145    
50613   
4766    
17098   
25081   
250     
16202   
21250   
15600   
55772   
12173   
12605   
5577    
52175   
8708    
62471   
49770   
15943   
44734   
56813   
47869   
17746   
51659   
35017   
1280    
39642   
198310  
39049   
39138   
167     
3301    
30058   
25019   
36252   
26599   
5384    
197999  
15500   
12844   
12119   
1257    
3216    
1930    
35141   
6079    
29791   
766     
53292   
2828    
31449   
12850   
15879   
8047    
54240   
31708   
20910   
2118    
8437    
9136    
28917   
5410    
16586   
393249  
29182   
23028   
59702   
1267    
55470   
41557   
6867    
29518   
8728    
39288   
29208   
47381   
13768   
14987   
43847   
4713    
48803   
56934   
760     
55225   
16097   
8283    
15497   
42322   
31400   
196689  
62282   
38285   
48361   
41454   
48707   
32613   
553     
45758   
6772    
42811   
24699   
33387   
8758    
23136   
11290   
27773   
197422  
5615    
20676   
46457   
7018    
25133   
17139   
14536   
9143    
2012    
54489   
41164   
38478   
32475   
786     
8615    
48983   
29066   
30083   
25577   
42964   
28876   
21743   
60496   
50837   
13703   
19863   
5645    
35339   
15703   
8542    
62639   
3226    
50261   
46375   
31595   
13184   
3303    
12055   
15962   
17676   
2611    
45025   
31333   
42244   
8473    
6663    
2033    
32      
10755   
18712   
20597   
33182   
34702   
8551    
29562   
41733   
13354   
209     
1759    
8331    
286     
43362   
31      
2840    
6364    
46636   
9158    
21232   
44925   
17511   
35540   
31246   
8997    
29713   
6703    
2852    
47269   
20495   
51191   
12897   
9433    
10010   
1653    
59686   
57010   
14513   
15747   
12688   
41809   
12715   
197430  
12389   
13127   
57963   
24466   
36351   
27747   
31334   
29314   
10113   
46664   
15003   
3243    
25668   
56876   
20860   
18077   
12676   
19318   
28908   
12741   
44066   
46844   
5607    
10316   
3223    
41998   
41668   
26068   
12334   
36012   
33984   
47215   
15659   
6849    
9829    
9082    
32875   
57043   
22652   
8218    
37560   
9269    
29422   
10796   
16175   
6697    
15467   
20454   
38895   
29691   
18451   
54858   
6830    
41887   
35518   
15685   
57552   
13301   
21409   
8560    
26615   
559     
8447    
6389    
198203  
52178   
8100    
7765    
40819   
57172   
50266   
49367   
15830   
197298  
20738   
39608   
8881    
35463   
41715   
41704   
30962   
10835   
9443    
2497    
22085   
39326   
29073   
29354   
2860    
198599  
8943    
5483    
45711   
2527    
13193   
3265    
9617    
197328  
27699   
701     
44724   
25074   
20115   
3842    
35228   
52284   
6461    
8402    
6805    
51290   
56617   
14586   
30266   
8972    
43274   
6848    
6659    
16086   
13097   
23184   
198414  
7459    
47172   
27823   
43146   
42355   
30764   
32780   
9916    
12611   
16637   
31103   
54665   
25720   
38      
9009    
12436   
45051   
197301  
31200   
1241    
51167   
46652   
29148   
33885   
25255   
48031   
5610    
200130  
8426    
26223   
29017   
47069   
12322   
8636    
12180   
31514   
20880   
17090   
251     
32907   
9264    
60567   
60781   
200938  
6315    
33604   
9824    
35432   
3292    
1403    
1273    
50809   
4565    
28753   
7545    
29141   
21299   
5769    
8220    
7992    
35662   
18978   
30036   
3269    
15516   
4765    
44538   
31122   
36236   
12400   
48635   
29      
24806   
17183   
28685   
19165   
31036   
1221    
13030   
56322   
13767   
35470   
13101   
5650    
12578   
6714    
12767   
20625   
17813   
35100   
12880   
47066   
7922    
40029   
19255   
42610   
11427   
1764    
63949   
49562   
51395   
8008    
21412   
35244   
35041   
11351   
29028   
15782   
17099   
8342    
10674   
39728   
35376   
46193   
9351    
7303    
15154   
20533   
32748   
21844   
48284   
46841   
43691   
52201   
26284   
39301   
29107   
20633   
50673   
198093  
4739    
5385    
51765   
53597   
31042   
46      
35819   
7794    
1103    
16245   
31214   
47610   
49981   
15682   
2514    
57858   
197922  
852     
36049   
25899   
57      
133731  
133481  
27229   
44070   
21581   
41966   
1680    
51433   
1239    
27866   
9050    
14061   
39351   
24651   
24544   
12768   
1101    
20161   
7753    
18566   
40475   
41653   
11051   
2764    
31342   
24989   
48133   
32666   
6677    
2614    
8075    
16075   
18624   
1133    
39857   
8422    
8866    
45629   
29084   
2108    
5089    
35807   
12312   
49115   
48209   
7418    
56420   
4181    
679     
20473   
15527   
12859   
13037   
31863   
6739    
25144   
6730    
16305   
45187   
44417   
20207   
38333   
11955   
40459   
41789   
31148   
224     
60071   
197637  
41872   
3352    
13926   
10929   
43205   
39102   
21599   
6057    
20857   
23969   
12586   
35916   
60220   
34171   
61387   
51815   
31283   
45570   
44265   
33891   
49048   
13828   
201011  
48514   
3215    
22646   
13722   
8559    
278     
6724    
29456   
9031    
43561   
37989   
60414   
25229   
9       
25795   
34568   
6128    
21127   
29951   
34533   
15626   
51570   
17552   
35393   
6866    
9105    
30722   
30693   
6893    
45204   
2701    
43234   
5602    
17619   
42431   
12271   
3816    
32244   
18779   
9822    
2119    
197540  
6799    
9304    
49544   
26832   
14517   
197695  
19108   
6876    
174     
51059   
3786    
10013   
20001   
7456    
47323   
40788   
5563    
2847    
40061   
24955   
1102    
41268   
34971   
111     
39309   
20807   
31364   
194     
50304   
48780   
33588   
19853   
21260   
42652   
58243   
12093   
42708   
2876    
43289   
34781   
34232   
53407   
41440   
44869   
35425   
29278   
47207   
46816   
44306   
45230   
7540    
10091   
198031  
34011   
35970   
3462    
44957   
5078    
35776   
3209    
4771    
12876   
3790    
53828   
3       
13307   
51074   
36375   
3356    
46749   
577     
31669   
3927    
3330    
62567   
35415   
25513   
59469   
12946   
14615   
29405   
33363   
40092   
58001   
8359    
56610   
49044   
54540   
35094   
8151    
39369   
200429  
26046   
16509   
12993   
3595    
12025   
3801    
9371    
36316   
6939    
56630   
6661    
31939   
8304    
18809   
30836   
18450   
49743   
24005   
47447   
5578    
18047   
18116   
2529    
40156   
12635   
11831   
58073   
4804    
39289   
8612    
34779   
3722    
3255    
55053   
2856    
15547   
7029    
10594   
51756   
54046   
25560   
12576   
42730   
2607    
9506    
25653   
21378   
25820   
34764   
36223   
29802   
28717   
1136    
44136   
49879   
8400    
10143   
1853    
6535    
3320    
5603    
15457   
4685    
6921    
197071  
4725    
41508   
30496   
25512   
27672   
47692   
9930    
9063    
5617    
3257    
41011   
19994   
34358   
15582   
10481   
12129   
8251    
28840   
34989   
48416   
42754   
1955    
1213    
13868   
22281   
9198    
15657   
50472   
54578   
4760    
812     
20723   
44622   
16125   
24961   
197019  
34610   
31124   
8779    
31797   
15169   
53667   
8990    
44565   
47206   
2734    
29169   
46475   
28573   
22927   
13647   
20507   
57169   
31593   
32953   
46562   
11557   
13213   
26496   
12175   
21213   
1712    
22030   
51852   
11403   
33070   
12083   
8767    
31078   
29670   
200081  
52048   
9008    
28890   
21021   
719     
5588    
2116    
16160   
56664   
29695   
33139   
13110   
6181    
33480   
10753   
16863   
43350   
12714   
29649   
8717    
11232   
204274  
8121    
11426   
23387   
31435   
53340   
35366   
53111   
11814   
50618   
9543    
38719   
9737    
13188   
42695   
43219   
26347   
43541   
63014   
15763   
12414   
12337   
13124   
10242   
137     
9790    
53264   
51256   
20712   
8334    
2603    
2516    
41682   
13237   
30158   
39783   
8339    
12874   
49455   
42831   
51352   
12898   
20093   
56510   
46261   
14618   
16391   
35492   
15557   
13654   
39554   
20278   
38951   
50821   
11404   
199339  
57494   
10318   
18881   
197288  
680     
22773   
29550   
19355   
16276   
55286   
34244   
20521   
43557   
49112   
9318    
44581   
45899   
197988  
196750  
36024   
5408    
16186   
12668   
7506    
32097   
38731   
18106   
11492   
2683    
40676   
24900   
24560   
50923   
35592   
73      
24971   
16652   
48533   
15318   
2841    
6775    
35214   
61272   
51969   
12849   
21466   
30633   
21502   
5390    
