42727   
9044    
8228    
20676   
8764    
3249    
11492   
46844   
14103   
44489   
2607    
30640   
12708   
46457   
167     
26599   
2857    
12969   
29854   
20773   
30740   
36352   
42005   
14613   
63157   
40193   
22923   
34702   
37153   
7018    
50113   
49505   
13489   
24940   
7385    
73      
43970   
8167    
22884   
30176   
45470   
4802    
29396   
2933    
55      
203523  
3737    
25515   
49527   
132206  
35382   
9121    
8522    
20207   
39473   
8401    
29354   
12824   
46925   
42174   
36149   
5432    
13285   
2510    
25405   
6871    
39651   
30962   
20001   
12871   
20375   
6327    
20632   
20845   
57423   
7552    
9145    
50613   
4766    
17098   
5518    
40475   
250     
43541   
21250   
16605   
34244   
12605   
12306   
51515   
5577    
1886    
35154   
8708    
62471   
15943   
34549   
28812   
17439   
60117   
47869   
8201    
10561   
26827   
9534    
35017   
1280    
34145   
198310  
39049   
39138   
15756   
3301    
30058   
15782   
36252   
35223   
15500   
34550   
28271   
1257    
3216    
41585   
1102    
6079    
29791   
766     
27      
53292   
12850   
15879   
16094   
42261   
55393   
3329    
58010   
20910   
8437    
52173   
14051   
4922    
5410    
5760    
16586   
24806   
29182   
29066   
29838   
59702   
43808   
1267    
55470   
42355   
25620   
29518   
49713   
13193   
59253   
39288   
29208   
47381   
13768   
14987   
43847   
4713    
28751   
25310   
39435   
12390   
760     
16097   
19975   
27364   
42322   
31400   
196689  
62282   
44478   
49320   
41682   
41454   
2514    
8301    
29100   
32613   
553     
59711   
15557   
33387   
8758    
13703   
11290   
30900   
197422  
35339   
199478  
5615    
9370    
23005   
28260   
31252   
31708   
17139   
30836   
12161   
9143    
35239   
8595    
43948   
20836   
203574  
54489   
34456   
41164   
43341   
51013   
33843   
803     
786     
8615    
23028   
30083   
18786   
25577   
42964   
38197   
60496   
50837   
35370   
56630   
43711   
25375   
5645    
36114   
15703   
24612   
10489   
35612   
62639   
3226    
133124  
25008   
33785   
31595   
13184   
3303    
34892   
44449   
50463   
15962   
17676   
9737    
8111    
35549   
38478   
31510   
31333   
54728   
8473    
44684   
2033    
32      
50472   
41887   
18712   
42841   
33182   
11556   
8551    
29562   
202194  
41733   
13354   
209     
35819   
87      
286     
41440   
31      
2840    
14589   
57043   
30636   
21232   
44925   
24739   
17511   
45758   
35540   
31246   
8997    
42973   
40244   
2852    
18812   
2611    
43413   
46720   
10010   
6503    
1653    
59686   
52048   
133229  
15747   
7657    
1680    
12715   
6858    
197430  
12389   
13127   
25291   
24466   
36351   
27747   
31334   
29314   
10113   
46664   
15003   
3243    
49335   
2518    
25668   
34274   
20860   
12676   
49895   
19318   
28908   
43317   
12741   
44066   
6659    
5607    
10091   
3223    
41668   
26068   
12400   
33984   
4771    
12093   
15659   
6849    
9829    
22652   
19662   
39020   
8218    
32329   
46692   
9269    
29422   
10796   
16175   
15467   
29505   
20454   
58302   
47206   
29691   
18451   
54858   
6830    
16202   
29287   
35518   
393406  
14442   
16863   
21409   
47215   
8560    
26615   
34400   
198414  
12414   
36850   
198203  
34245   
29587   
9136    
42825   
43146   
1213    
47236   
49367   
15830   
197298  
20738   
39608   
47418   
57287   
8881    
13649   
4844    
15598   
36137   
55577   
9443    
2497    
32220   
197595  
39326   
7065    
44133   
200019  
29073   
34056   
35706   
2860    
198599  
8943    
5483    
45711   
13618   
4224    
2527    
57891   
5541    
3265    
197328  
59627   
27699   
701     
50543   
22772   
25473   
43350   
24875   
3842    
4581    
35238   
52284   
8905    
6461    
8402    
6805    
51290   
13101   
50538   
28099   
199417  
14586   
30266   
8972    
44395   
32458   
16086   
61046   
59729   
196866  
47172   
4385    
15497   
30217   
1759    
6730    
27589   
32780   
58879   
57230   
22709   
49717   
36236   
62874   
16637   
31103   
25720   
12611   
9009    
2588    
12436   
39389   
21840   
197301  
15435   
31200   
1241    
45629   
51167   
46652   
55639   
33885   
201011  
48031   
42682   
5610    
23655   
18207   
200130  
26801   
45267   
41108   
2496    
12322   
48815   
20021   
31514   
20766   
20880   
12097   
156     
60781   
200938  
6315    
33604   
15895   
3292    
7765    
1403    
59491   
4565    
133165  
28753   
12357   
7545    
29141   
7418    
20255   
7672    
5769    
8220    
38719   
18978   
31642   
26272   
3269    
40788   
13367   
3       
31122   
16245   
5381    
48635   
29      
62317   
43561   
28685   
51059   
45814   
1221    
13030   
56322   
35470   
20846   
5650    
24872   
10508   
38457   
6714    
53850   
3308    
21219   
201773  
200548  
17746   
60295   
7132    
7922    
40029   
19255   
17090   
42610   
35411   
11427   
1764    
8641    
63949   
49562   
51395   
5421    
35244   
46887   
11351   
31983   
54329   
8342    
10674   
35376   
197451  
30158   
855     
7303    
62512   
13371   
32748   
21844   
46841   
12897   
52201   
22394   
1741    
12301   
393949  
39301   
9433    
21497   
42126   
25820   
3323    
37684   
50673   
29028   
198093  
4739    
8439    
51765   
31042   
25308   
38987   
42455   
15083   
49902   
39756   
31214   
49981   
6364    
15682   
31969   
17813   
31019   
197922  
852     
48971   
33724   
44716   
39493   
27357   
36943   
41661   
39027   
34102   
38333   
44397   
51731   
36436   
8331    
1239    
21453   
48172   
14061   
39351   
24651   
23352   
198031  
4323    
12709   
12768   
1101    
42765   
24956   
18566   
30036   
41653   
60118   
12695   
31342   
41715   
44724   
15728   
60602   
8075    
16075   
32475   
1133    
39857   
34610   
8422    
8866    
1835    
29084   
6798    
5089    
19956   
26347   
35807   
44266   
12312   
20771   
132597  
202109  
4181    
679     
9790    
20473   
42038   
15527   
25019   
51430   
13037   
31863   
6739    
15154   
25513   
5391    
198411  
21040   
7506    
47748   
11955   
9297    
12615   
42613   
31148   
2529    
60071   
34240   
35598   
3352    
57963   
197288  
10929   
12597   
2516    
8369    
2500    
20857   
1930    
6718    
36375   
6428    
21554   
2603    
35916   
46690   
22368   
34171   
7684    
29870   
51815   
39701   
12494   
49048   
13828   
31034   
48514   
3215    
12353   
31250   
197043  
41676   
8559    
62000   
278     
4788    
43478   
8359    
59610   
37989   
51034   
25229   
9       
15657   
8684    
37692   
6280    
6128    
29951   
25436   
9002    
8251    
16019   
15626   
14866   
17552   
15146   
35393   
6866    
9105    
30722   
200062  
202018  
197155  
9116    
6893    
62904   
2701    
12586   
43234   
5602    
17619   
42431   
12271   
44923   
32244   
18779   
9822    
2119    
42516   
7992    
10932   
197540  
6799    
51969   
44454   
49544   
28769   
21743   
25500   
19108   
174     
6713    
8779    
5495    
10013   
42730   
9153    
29485   
47323   
44575   
35170   
59895   
8680    
35141   
41268   
34971   
24964   
28917   
39309   
20807   
31364   
57286   
194     
50304   
51935   
39145   
33588   
48823   
12350   
49855   
8675    
58243   
46606   
18866   
35463   
46905   
42708   
30893   
43289   
11051   
12843   
16391   
6130    
24238   
7212    
44869   
12578   
35425   
21472   
44306   
45230   
36012   
16591   
1851    
15516   
34011   
50049   
3462    
39324   
5078    
51604   
8612    
3209    
12876   
50266   
14      
24904   
35158   
11348   
8926    
25472   
3356    
12816   
48904   
577     
31669   
21107   
3927    
9916    
62567   
7106    
59469   
12946   
42239   
18403   
49352   
29405   
44050   
200052  
33363   
23033   
58001   
48133   
2108    
54540   
35094   
31117   
8151    
200429  
26046   
33028   
16509   
12993   
12392   
3595    
47165   
14361   
22727   
9371    
15399   
44640   
6939    
20130   
24812   
11084   
38790   
8304    
18809   
50392   
18450   
29329   
54290   
30693   
47447   
8767    
45839   
224     
40156   
13118   
11831   
32354   
4804    
22422   
35100   
34779   
27839   
49604   
55053   
2856    
15547   
7029    
41307   
25560   
12576   
45447   
48707   
9506    
25653   
19817   
6724    
29456   
23881   
62823   
29802   
28717   
7122    
1136    
44136   
37560   
2764    
10143   
19969   
3320    
16276   
4685    
47169   
8470    
197071  
1312    
25512   
8592    
47692   
44041   
5617    
11078   
41011   
19994   
18051   
15582   
10481   
15085   
31078   
45899   
41783   
47069   
42065   
3786    
23387   
34989   
53755   
12479   
57841   
25106   
1955    
14536   
10439   
61440   
13287   
17444   
25795   
6828    
54578   
4760    
62638   
812     
50542   
44622   
16125   
24961   
197019  
35271   
48687   
25091   
34568   
35728   
15600   
53667   
25596   
39318   
24679   
38895   
197999  
29169   
50815   
46475   
49044   
4319    
28573   
41311   
15388   
12844   
10003   
46375   
20507   
42575   
57169   
15685   
46562   
49349   
23205   
11557   
13213   
14615   
43957   
21213   
57026   
51852   
2519    
11403   
33070   
8283    
12083   
43362   
29670   
12355   
57010   
9008    
28890   
30164   
21021   
719     
9119    
5588    
13773   
2116    
2847    
29695   
8100    
13110   
6453    
57858   
29076   
29148   
16302   
35041   
13301   
20115   
14041   
12714   
8717    
43612   
11232   
1659    
36086   
8121    
60966   
11426   
49586   
25926   
53340   
35366   
6058    
11814   
50618   
22132   
1901    
21195   
42160   
34224   
13188   
47066   
24033   
42695   
29471   
53111   
39642   
8447    
34555   
41828   
15763   
6389    
12337   
29321   
10242   
16058   
3663    
30633   
2914    
41691   
12659   
20712   
17310   
8334    
41231   
11827   
10838   
13237   
15836   
13476   
8339    
35592   
12874   
49455   
29107   
42831   
5603    
30968   
46      
5563    
46261   
111     
14618   
43709   
34232   
35492   
40676   
42116   
39554   
59675   
55536   
14576   
47800   
44734   
10318   
18881   
58073   
680     
22773   
1249    
29550   
9365    
19355   
197988  
2541    
12912   
55286   
6775    
14907   
20521   
15683   
43557   
1103    
9318    
44581   
43802   
38880   
50448   
196750  
36024   
5408    
62403   
12668   
6181    
32097   
38731   
12849   
25592   
12705   
24900   
24560   
29124   
50923   
32489   
35125   
137     
16652   
15318   
21502   
44265   
9304    
18106   
8047    
28678   
24971   
6848    
5390    
