10013
10103
10316
10508
10929
1101
11013
1102
1103
11051
111
11403
11426
11427
11557
1161
11831
11955
12093
12301
12306
12322
12337
12350
12400
12414
12479
12513
12552
12578
12586
12605
12637
12659
12668
12695
12714
12715
12741
12824
12844
12871
12876
13030
13037
1312
13122
13127
13188
13193
13213
13285
13301
133165
133229
13354
133752
137
13768
14061
1426
14361
14613
14618
14754
14907
14987
15085
15154
15497
15527
15557
15594
15626
15657
15699
15756
15830
15895
15962
16086
16125
16245
16265
16276
16347
16509
1653
1659
1680
16814
1739
174
17439
1759
17813
18450
18451
1851
1853
18624
18747
18779
18881
18978
1916
19255
196682
196689
196750
197019
197043
197071
197216
197226
197328
197422
197540
197595
197726
197922
197988
197999
198031
198093
198203
198717
199118
199374
199669
19969
19975
199883
200019
200052
200130
200533
200651
200831
201011
20115
201229
201270
201401
201814
202018
202109
202194
20278
203523
203734
20454
20473
20500
20676
20712
20718
20742
20773
20845
20857
20860
209
21069
2108
2116
2119
21213
21409
21844
224
22772
22773
22989
23028
23342
23655
23679
24482
24806
24872
24904
24940
24961
24971
250
2510
25151
2516
25189
25198
25229
25454
25515
25535
25596
25653
25767
2586
2588
25926
2603
2607
262933
26496
2734
27699
28192
2828
2840
2856
28573
286
28715
28753
2876
28908
28917
29066
29073
29169
29182
29208
29278
29405
29456
29485
29518
29550
29562
29670
29695
29802
29854
3
30058
30083
30176
30217
30266
30633
30636
30693
30722
30836
30968
31
31019
31027
31034
31078
31103
31148
31246
31334
31342
31400
31463
31661
32
3209
32097
3215
3216
3221
3223
32329
3242
3249
3254
3265
32748
3292
3301
3303
33083
3320
3323
33363
33387
3352
3356
33604
33616
33785
33885
33891
34011
34168
34171
34224
34240
34274
34300
34533
34555
3462
34779
34971
34989
35017
35018
35041
35154
35366
35377
35395
35415
35425
35470
3549
35492
35540
35548
35549
35592
35598
35662
35916
3595
36012
36024
36149
36351
36352
36375
36850
36947
37560
37589
37692
3790
38197
3842
38478
38731
38935
38987
39102
39138
3927
39288
393406
39351
39389
394362
39608
39642
39651
39709
39857
39909
39927
40193
41011
41164
41440
41653
41665
41668
41715
41727
41733
41783
41843
42152
42174
4224
42331
42431
42525
42575
42610
42632
42655
42682
42695
42708
42730
43082
43146
4323
43266
43289
43317
43326
43350
43391
43541
43557
43561
43711
43802
43847
43948
44050
44066
44068
44133
44136
44185
44306
44395
44684
44716
44734
44869
44923
44925
45102
45634
45711
4589
45899
46457
46475
46562
46652
46816
46841
46844
46887
47066
4713
47172
47381
47447
47583
47610
4766
47692
48031
48039
48172
48635
48666
48707
48815
48917
48971
49048
49335
49349
49367
49455
49505
49544
49586
49713
49855
49981
50009
50113
50266
50297
50304
50542
50543
50613
50618
50629
50673
50821
50837
50989
51167
51290
51352
51395
51515
51731
51765
51815
51852
51904
52022
52048
52173
52201
52284
53667
53755
5381
5408
54290
5432
54489
5483
54858
55
55053
5539
55536
5577
55772
5607
5610
56322
5645
56478
56813
57043
57172
57230
57370
57611
577
57858
57860
57944
57963
58073
58269
58277
58302
58477
59491
59504
59580
59610
59702
59729
59764
60011
60071
60117
60118
60414
60422
60567
60781
6079
6128
61382
61440
62292
62317
62403
62567
62638
62639
62904
6315
63157
63949
6453
6461
6659
6718
6724
6739
6775
6789
680
6805
6830
6871
6893
6939
701
7018
7029
7162
73
7459
7545
7552
7657
7922
8001
8075
8100
8220
8228
8283
8334
8342
8359
8369
8371
8402
8422
8426
8427
8437
8462
8473
8551
8560
8615
8708
8764
8767
8839
8866
8877
8881
8890
8943
8972
8997
9
9002
9008
9009
9031
9044
9066
9143
9145
9198
9822
